r_c = 7e-6 m
t_c = 1.16e-9 m
kT = 100eV

-l 0.30 -f 0.0003 -d 0.00005 -m 1 -p 0.33333333 -n 1000 -T 486123 -t 0.7
